tree
version=v4
num_class=1
num_tree_per_iteration=1
label_index=0
max_feature_idx=71
objective=binary sigmoid:1
feature_names=L5_ppg L10_ppg L20_ppg L40_ppg L999_ppg L5_rpg L10_rpg L20_rpg L40_rpg L999_rpg L5_apg L10_apg L20_apg L40_apg L999_apg L5_pra L10_pra L20_pra L40_pra L999_pra L5_minutes L10_minutes L20_minutes L40_minutes L5_fga L10_fga L20_fga L40_fga L5_fta L10_fta L20_fta L40_fta season_ppg season_rpg season_apg season_pra season_minutes season_fga season_fta season_games_played h2h_ppg h2h_rpg h2h_apg h2h_pra h2h_minutes h2h_fga h2h_fta h2h_games_played opp_def_L5_pra_allowed opp_def_L10_pra_allowed opp_def_L5_ppg_allowed opp_def_L10_ppg_allowed opp_def_L5_rpg_allowed opp_def_L10_rpg_allowed opp_def_L5_apg_allowed opp_def_L10_apg_allowed rest_days home line games_played line_minus_L5_ppg line_minus_L10_ppg line_minus_L20_ppg line_minus_L40_ppg line_minus_L999_ppg line_z_L10_ppg line_minus_L5_rpg line_minus_L10_rpg line_minus_L20_rpg line_minus_L40_rpg line_minus_L999_rpg line_z_L10_rpg
feature_infos=[1:41.799999999999997] [2.7999999999999998:39.600000000000001] none none [2.9493670886075951:33.692307692307693] [0.20000000000000001:17.800000000000001] [0.69999999999999996:17.300000000000001] none none [1:13.223350253807107] [0:16.199999999999999] [0:14] none none [0:11.255555555555556] [2.6000000000000001:58.600000000000001] [4.7000000000000002:57.600000000000001] none none [5.6835443037974684:49] [10.6:44.600000000000001] [9.6999999999999993:41.799999999999997] none none [1.8:27] [1.6000000000000001:27.199999999999999] none none [0:17.399999999999999] [0:14.6] none none none none none none none none none none none none none none none none none none [2.7999999999999998:31.800000000000001] [6.7999999999999998:26.600000000000001] [1.2:22.199999999999999] [3.3999999999999999:17.5] [0.40000000000000002:10] [1.8:7.4000000000000004] [0:6.2000000000000002] [0.69999999999999996:4.2999999999999998] [1:269] [0:1] [3.5:35.5] [1:215] [-13.699999999999999:12.5] [-12.300000000000001:11.6] none none [-9.9811320754716988:12.901515151515152] [-5.6325474317004023:5.3119959518475337] none none none none none none
tree_sizes=3344 3404 3430

Tree=0
num_leaves=31
num_cat=0
split_feature=20 19 21 15 16 50 48 49 6 55 15 24 9 52 5 6 1 50 21 1 1 51 55 55 51 1 5 16 51 0
split_gain=16.839 17.7763 15.0106 15.8539 13.5223 16.2992 23.3552 14.7502 13.325 13.0898 12.1012 18.6459 11.442 10.3764 13.7795 13.7082 12.5548 12.5569 10.7161 8.99496 13.38 14.7389 18.6453 12.2214 19.7046 11.9428 8.74058 11.2366 6.23922 5.97287
threshold=33.500000000000007 38.562745869394185 34.050000000000004 39.100000000000009 34.350000000000001 5.5000000000000009 11.300000000000002 23.150000000000002 3.1500000000000008 1.6500000000000001 32.500000000000007 19.300000000000001 6.7047996272134212 4.5000000000000009 9.5000000000000018 3.7500000000000004 9.1500000000000004 5.1000000000000005 23.350000000000005 31.200000000000006 26.250000000000004 11.050000000000002 2.1500000000000008 1.7500000000000002 10.750000000000002 33.250000000000007 5.1000000000000005 30.250000000000004 11.950000000000001 28.700000000000006
decision_type=2 2 2 2 2 2 2 2 2 2 2 2 2 2 2 2 2 2 2 2 2 2 2 2 2 2 2 2 2 2
left_child=2 4 3 13 7 -6 -7 10 -8 -4 12 -12 -2 16 15 -15 17 -1 -18 20 23 22 -22 -3 -25 -21 27 -11 -16 -5
right_child=1 19 9 29 5 6 8 -9 -10 26 11 -13 -14 14 28 -17 18 -19 -20 25 21 -23 -24 24 -26 -27 -28 -29 -30 -31
leaf_value=0.013339776979425691 0.073530743835847942 -0.030569096586598087 0.091250152627404907 0.15645446308204611 0.14732486321405522 -0.010856306094133288 0.010831684780962324 0.13221402325509565 0.088815723947520533 -0.0012046487037225759 0.031066078774708697 0.089413430613528203 0.043070225346509908 0.059734437653434898 0.10313479341302115 0.03616011138117229 0.020443502189767475 0.081930152913149951 0.057722757300266582 -0.024008297762120621 0.10087271830987438 0.11078871912954411 0.0087037605413424479 0.093955968642010473 0.02117008217818693 0.062575610099879539 -0.011528809127395685 0.086431853297810432 0.051563701436822061 0.080179617324908123
leaf_weight=7.1220735013484946 193.43828654289246 5.9790536463260642 5.9870640039443961 4.9276002645492536 9.4161235690116865 6.6829965412616721 5.6537511050701132 7.8038084506988517 102.85466095805168 7.4020485877990705 55.660268694162369 17.976301163434982 36.481422632932663 96.290714502334595 15.274304002523424 174.02023503184319 20.087218284606934 83.371808737516403 452.4568430185318 9.1956735253334028 9.5521059334278124 16.667080640792847 12.541176974773405 13.881527364253996 27.42883026599884 6.7665526568889609 18.066044509410858 6.9558728337287903 9.2187930345535261 5.7675255239009857
leaf_count=29 803 24 25 21 40 27 23 33 429 30 228 75 150 398 64 714 82 347 1869 37 40 70 51 58 112 28 73 29 38 24
internal_value=0.0589613 0.0659628 0.0548027 0.0561648 0.0703671 0.0842845 0.0790189 0.064776 0.0846626 0.0242296 0.0630034 0.0453951 0.0686695 0.0554026 0.0478002 0.0445352 0.059394 0.0764285 0.0561189 0.0472 0.0536933 0.0753668 0.0487724 0.0358334 0.0457662 0.0127794 0.0116499 0.0414703 0.0835558 0.116331
internal_weight=1444.93 537.98 906.948 868.537 435.968 124.608 115.191 311.36 108.508 38.411 303.556 73.6366 229.92 857.842 294.804 270.311 563.038 90.4939 472.544 102.012 86.0498 38.7604 22.0933 47.2894 41.3104 15.9622 32.424 14.3579 24.4931 10.6951
internal_count=5971 2228 3743 3586 1808 519 479 1289 452 157 1256 303 953 3541 1214 1112 2327 376 1951 420 355 161 91 194 170 65 132 59 102 45
is_linear=0
shrinkage=1


Tree=1
num_leaves=31
num_cat=0
split_feature=64 1 51 4 29 55 60 52 4 54 64 19 48 20 29 5 52 24 11 28 49 11 11 0 10 16 21 49 16 15
split_gain=21.8514 14.2787 21.2674 19.3291 13.4878 12.2813 11.9665 17.2506 17.9328 13.5501 12.704 12.6372 10.2931 9.61742 9.59024 13.7811 12.2537 10.9579 9.30551 11.7229 9.30066 9.18599 14.4373 8.9607 8.46704 12.4022 13.3455 8.87234 8.34029 7.32205
threshold=-2.985529233282763 20.950000000000003 7.3500000000000005 27.581153266675802 4.1500000000000012 3.1500000000000008 -1.4000000000000001 2.3000000000000003 20.99082491582492 2.3000000000000003 -3.5434065934065937 21.58548455353365 7.9000000000000012 27.900000000000002 6.5500000000000007 2.7000000000000006 3.9000000000000004 22.100000000000005 3.5500000000000003 2.5000000000000004 15.850000000000003 1.7321428571428574 1.0500000000000003 5.7000000000000002 4.5000000000000009 31.750000000000004 30.650000000000002 17.050000000000004 38.850000000000001 26.500000000000004
decision_type=2 2 2 2 2 2 2 2 2 2 2 2 2 2 2 2 2 2 2 2 2 2 2 2 2 2 2 2 2 2
left_child=6 2 18 14 -5 -6 7 -1 13 10 11 -8 29 -9 17 -16 -17 20 19 -2 -3 22 -14 -23 27 26 -26 -11 -19 -4
right_child=1 3 12 4 5 -7 9 8 -10 24 -12 -13 21 -15 15 16 -18 28 -20 -21 -22 23 -24 -25 25 -27 -28 -29 -30 -31
leaf_value=-0.065268179319290284 0.029411141878996919 -0.0048786746094483533 -0.062782944438901353 0.062815240155461721 -0.033479486650560809 0.027746825263735637 0.083267862655848623 -0.0050506457179239446 -0.031305633556802527 -0.013177059289130891 -0.043914567230417666 -0.0038366582218754145 -0.022527682819914227 0.061410764637095605 -0.051124591695376698 0.011835761241958828 0.054862915725556072 0.0011461225438382978 0.048441504038374029 -0.028807189563369313 0.017484941454769139 -0.05707307616703159 0.010253616666891311 -0.0079156367467015914 -0.062031830941072744 -0.067843289216777999 0.035391509005872623 -0.0688108640115416 -0.070687917030003974 0.0068139471122212816
leaf_weight=7.9028058946132651 23.715186715126038 67.005724519491196 13.324848338961603 4.7372998297214499 51.307298928499222 9.5743704140186292 4.7067912817001334 7.7519261986017254 13.17903710901737 9.4685061573982221 17.650906905531883 30.5078204870224 42.121248364448547 17.077246606349945 4.9226964712142935 31.993850946426392 35.141507968306541 8.4484578371047956 23.81239552795887 13.420843347907065 149.25952205061913 9.352800711989401 163.3908406496048 613.90211437642574 4.9367306381464067 8.6552364528179151 11.474189624190329 33.610133215785027 7.4116516858339301 5.0620425939559928
leaf_count=32 99 277 54 20 210 40 20 32 54 39 72 126 173 72 20 133 148 35 100 55 621 38 678 2533 20 35 48 136 30 21
internal_value=-0.00326953 -0.0010424 -0.00441849 0.00723351 -0.0173283 -0.0237392 -0.020279 0.00135127 0.0154692 -0.0285212 -0.00937787 0.00786698 -0.00647642 0.0405232 0.0125524 0.0285003 0.0344805 0.0075701 0.0240676 0.00821608 0.0105338 -0.00564565 0.00350284 -0.00867037 -0.0432634 -0.0197405 0.0055836 -0.0567574 -0.0323422 -0.0434187
internal_weight=1444.83 1277.9 908.102 369.802 65.619 60.8817 166.921 45.911 38.0082 121.01 52.8655 35.2146 847.154 24.8292 304.183 72.0581 67.1354 232.125 60.9484 37.136 216.265 828.767 205.512 623.255 68.1448 25.0662 16.4109 43.0786 15.8601 18.3869
internal_count=5971 5285 3751 1534 270 250 686 190 158 496 218 146 3497 104 1264 301 281 963 254 154 898 3422 851 2571 278 103 68 175 65 75
is_linear=0
shrinkage=0.05


Tree=2
num_leaves=31
num_cat=0
split_feature=64 20 10 59 16 50 64 51 25 60 60 53 50 51 60 20 25 51 16 49 25 20 14 54 61 64 50 11 28 61
split_gain=19.804 12.9662 17.2616 14.2614 13.4994 14.1673 11.7178 13.8356 12.3048 11.5912 11.3099 11.2105 12.1735 10.8788 14.2847 17.4975 10.5556 10.2486 15.0442 12.45 10.3591 9.60304 11.6254 11.559 8.901 8.64403 10.3441 13.2381 10.4006 8.61919
threshold=-2.945538515162077 33.500000000000007 2.1000000000000005 156.50000000000003 21.050000000000004 8.9000000000000021 0.84114093959731495 10.750000000000002 14.950000000000001 -1.4000000000000001 -0.59999999999999953 5.3500000000000005 10.100000000000001 7.3500000000000005 1.4000000000000006 25.700000000000006 8.6500000000000004 8.2500000000000018 33.350000000000001 18.150000000000002 10.350000000000003 27.300000000000001 2.0879227053140101 2.7000000000000006 -2.2499999999999982 -3.5434065934065937 11.300000000000002 5.8500000000000005 2.3000000000000003 -2.1000000000000001
decision_type=2 2 2 2 2 2 2 2 2 2 2 2 2 2 2 2 2 2 2 2 2 2 2 2 2 2 2 2 2 2
left_child=9 13 4 6 5 -3 7 -4 -8 16 -11 12 -5 14 29 -16 -1 -15 20 -20 -19 -18 -23 -24 -6 26 28 -28 -12 -2
right_child=1 2 3 11 24 -7 8 -9 -10 10 25 -13 -14 17 15 -17 21 18 19 -21 -22 22 23 -25 -26 -27 27 -29 -30 -31
leaf_value=0.072320608791175897 -0.0087072468406202974 -0.068329617279439328 0.012484256747161974 -0.00037757684480744532 -0.0021906918609629527 0.033698096654358897 -0.0050258315365992769 -0.016044391994804823 0.023533368527572509 -0.059571681994288583 0.033664979418579155 0.050959535256808602 -0.039465033951986438 -0.026856248713241417 0.05463469242728837 -0.056641073364697758 -0.059283297129475492 -0.0013242594758967809 -0.0040531236835073493 0.041581088504696224 -0.014445226243532259 0.068217340561894102 -0.030807694399279148 0.035030142531904368 0.061665364926674952 -0.040440862311481349 -0.047265027377185451 0.03613037123188597 -0.017894385978319254 0.046891163148119419
leaf_weight=4.717312514781951 8.9634341299533826 5.6822791248559943 79.402199044823647 38.421934172511101 6.5285850167274466 8.1239518076181394 52.29661613702774 91.05715049803257 132.49077780544758 21.948186114430428 19.121736362576485 5.7001172155141822 41.861198201775551 57.31452651321888 4.9859934151172665 11.319424748420714 6.9066739082336417 339.89610886573792 29.04202775657177 30.269894361495972 271.13219620287418 5.9020244479179373 19.284378454089168 10.021238625049589 28.917027920484543 34.314426317811012 24.813258275389675 5.7348945885896674 19.707341551780701 28.782569259405136
leaf_count=20 37 23 330 159 27 34 216 375 553 89 80 24 171 235 21 46 28 1405 120 127 1116 25 79 42 122 140 101 24 81 121
internal_value=-0.00310753 -0.000947266 0.00541972 0.00227032 0.033471 -0.00812365 0.00670313 -0.00272653 0.0154254 -0.0190033 -0.0269147 -0.0159726 -0.0208445 -0.00494881 0.0166474 -0.0221839 0.00212681 -0.00656196 -0.00481558 0.019183 -0.00715603 -0.00576999 0.00472426 -0.00808143 0.0497902 -0.0199033 -0.00962977 -0.031379 0.00738931 0.0335681
internal_weight=1444.66 1272.19 490.482 441.23 49.2518 13.8062 355.247 170.459 184.787 172.471 125.64 85.9832 80.2831 781.706 54.0514 16.3054 46.8316 727.655 670.34 59.3119 611.028 42.1143 35.2076 29.3056 35.4456 103.692 69.3772 30.5482 38.8291 37.746
internal_count=5971 5262 2034 1828 206 57 1474 705 769 709 515 354 330 3228 225 67 194 3003 2768 247 2521 174 146 121 149 426 286 125 161 158
is_linear=0
shrinkage=0.05


end of trees

feature_importances:
opp_def_L10_ppg_allowed=7
L10_pra=6
L10_ppg=5
L5_minutes=5
opp_def_L5_ppg_allowed=5
line_minus_L999_ppg=5
L10_apg=4
opp_def_L10_pra_allowed=4
opp_def_L10_apg_allowed=4
line_minus_L5_ppg=4
L5_rpg=3
L5_pra=3
L10_minutes=3
L10_fga=3
opp_def_L5_rpg_allowed=3
L5_ppg=2
L999_ppg=2
L10_rpg=2
L5_apg=2
L999_pra=2
L5_fga=2
L5_fta=2
L10_fta=2
opp_def_L5_pra_allowed=2
opp_def_L5_apg_allowed=2
line_minus_L10_ppg=2
L999_rpg=1
L999_apg=1
opp_def_L10_rpg_allowed=1
games_played=1

parameters:
[boosting: gbdt]
[objective: binary]
[metric: auc]
[tree_learner: serial]
[device_type: cpu]
[data_sample_strategy: bagging]
[data: ]
[valid: ]
[num_iterations: 200]
[learning_rate: 0.05]
[num_leaves: 31]
[num_threads: 0]
[seed: 0]
[deterministic: 0]
[force_col_wise: 0]
[force_row_wise: 0]
[histogram_pool_size: -1]
[max_depth: 6]
[min_data_in_leaf: 20]
[min_sum_hessian_in_leaf: 0.001]
[bagging_fraction: 0.8]
[pos_bagging_fraction: 1]
[neg_bagging_fraction: 1]
[bagging_freq: 5]
[bagging_seed: 3]
[bagging_by_query: 0]
[feature_fraction: 0.8]
[feature_fraction_bynode: 1]
[feature_fraction_seed: 2]
[extra_trees: 0]
[extra_seed: 6]
[early_stopping_round: 0]
[early_stopping_min_delta: 0]
[first_metric_only: 0]
[max_delta_step: 0]
[lambda_l1: 0.1]
[lambda_l2: 0.1]
[linear_lambda: 0]
[min_gain_to_split: 0]
[drop_rate: 0.1]
[max_drop: 50]
[skip_drop: 0.5]
[xgboost_dart_mode: 0]
[uniform_drop: 0]
[drop_seed: 4]
[top_rate: 0.2]
[other_rate: 0.1]
[min_data_per_group: 100]
[max_cat_threshold: 32]
[cat_l2: 10]
[cat_smooth: 10]
[max_cat_to_onehot: 4]
[top_k: 20]
[monotone_constraints: ]
[monotone_constraints_method: basic]
[monotone_penalty: 0]
[feature_contri: ]
[forcedsplits_filename: ]
[refit_decay_rate: 0.9]
[cegb_tradeoff: 1]
[cegb_penalty_split: 0]
[cegb_penalty_feature_lazy: ]
[cegb_penalty_feature_coupled: ]
[path_smooth: 0]
[interaction_constraints: ]
[verbosity: -1]
[saved_feature_importance_type: 0]
[use_quantized_grad: 0]
[num_grad_quant_bins: 4]
[quant_train_renew_leaf: 0]
[stochastic_rounding: 1]
[linear_tree: 0]
[max_bin: 255]
[max_bin_by_feature: ]
[min_data_in_bin: 3]
[bin_construct_sample_cnt: 200000]
[data_random_seed: 1]
[is_enable_sparse: 1]
[enable_bundle: 1]
[use_missing: 1]
[zero_as_missing: 0]
[feature_pre_filter: 1]
[pre_partition: 0]
[two_round: 0]
[header: 0]
[label_column: ]
[weight_column: ]
[group_column: ]
[ignore_column: ]
[categorical_feature: ]
[forcedbins_filename: ]
[precise_float_parser: 0]
[parser_config_file: ]
[objective_seed: 5]
[num_class: 1]
[is_unbalance: 0]
[scale_pos_weight: 0.939505]
[sigmoid: 1]
[boost_from_average: 1]
[reg_sqrt: 0]
[alpha: 0.9]
[fair_c: 1]
[poisson_max_delta_step: 0.7]
[tweedie_variance_power: 1.5]
[lambdarank_truncation_level: 30]
[lambdarank_norm: 1]
[label_gain: ]
[lambdarank_position_bias_regularization: 0]
[eval_at: ]
[multi_error_top_k: 1]
[auc_mu_weights: ]
[num_machines: 1]
[local_listen_port: 12400]
[time_out: 120]
[machine_list_filename: ]
[machines: ]
[gpu_platform_id: -1]
[gpu_device_id: -1]
[gpu_use_dp: 0]
[num_gpu: 1]

end of parameters

pandas_categorical:null
