tree
version=v4
num_class=1
num_tree_per_iteration=1
label_index=0
max_feature_idx=59
objective=binary sigmoid:1
feature_names=L5_ppg L10_ppg L20_ppg L40_ppg L999_ppg L5_rpg L10_rpg L20_rpg L40_rpg L999_rpg L5_apg L10_apg L20_apg L40_apg L999_apg L5_pra L10_pra L20_pra L40_pra L999_pra L5_minutes L10_minutes L20_minutes L40_minutes L5_fga L10_fga L20_fga L40_fga L5_fta L10_fta L20_fta L40_fta season_ppg season_rpg season_apg season_pra season_minutes season_fga season_fta season_games_played h2h_ppg h2h_rpg h2h_apg h2h_pra h2h_minutes h2h_fga h2h_fta h2h_games_played opp_def_L5_pra_allowed opp_def_L10_pra_allowed opp_def_L5_ppg_allowed opp_def_L10_ppg_allowed opp_def_L5_rpg_allowed opp_def_L10_rpg_allowed opp_def_L5_apg_allowed opp_def_L10_apg_allowed rest_days home line games_played
feature_infos=[1:41.799999999999997] [2.7999999999999998:39.600000000000001] none none [2.9493670886075951:33.692307692307693] [0.20000000000000001:17.800000000000001] [0.69999999999999996:17.300000000000001] none none [1:13.223350253807107] [0:16.199999999999999] [0:14] none none [0:11.255555555555556] [2.6000000000000001:58.600000000000001] [4.7000000000000002:57.600000000000001] none none [5.6835443037974684:49] [10.6:44.600000000000001] [9.6999999999999993:41.799999999999997] none none [1.8:27] [1.6000000000000001:27.199999999999999] none none [0:17.399999999999999] [0:14.6] none none none none none none none none none none none none none none none none none none [2.7999999999999998:31.800000000000001] [6.7999999999999998:26.600000000000001] [1.2:22.199999999999999] [3.3999999999999999:17.5] [0.40000000000000002:10] [1.8:7.4000000000000004] [0:6.2000000000000002] [0.69999999999999996:4.2999999999999998] [1:269] [0:1] [0.5:15.5] [1:211]
tree_sizes=3385 3342 3403 3256 2757 3380 3383 2469 3397 3404 3398 2825 2746 3374 3258

Tree=0
num_leaves=31
num_cat=0
split_feature=14 25 14 29 0 55 11 50 21 19 50 20 55 55 56 5 21 1 6 1 1 48 48 15 57 53 19 14 14 20
split_gain=33.7899 24.073 13.0862 17.3492 16.864 15.6772 15.3481 14.5535 13.1076 16.6815 12.9689 12.005 11.5144 25.192 11.1174 13.8224 10.5274 14.7869 11.9659 10.8803 17.8439 8.96301 8.47353 8.14295 8.02058 16.8378 10.3092 7.62009 7.60021 7.48437
threshold=1.286796536796537 8.0500000000000025 2.0556983339241408 5.7500000000000009 27.700000000000006 1.1500000000000001 6.8500000000000005 14.300000000000002 36.250000000000007 36.456244689889552 12.300000000000002 31.300000000000001 2.0500000000000003 2.3500000000000001 2.5000000000000004 6.7000000000000002 34.650000000000013 13.350000000000003 8.1500000000000004 11.050000000000002 9.7500000000000018 23.700000000000006 16.100000000000005 17.300000000000001 1.0000000180025095e-35 3.8500000000000001 21.167302798982192 1.1978594322344325 0.63785394932935924 26.100000000000005
decision_type=2 2 2 2 2 2 2 2 2 2 2 2 2 2 2 2 2 2 2 2 2 2 2 2 2 2 2 2 2 2
left_child=1 14 16 4 5 -4 12 -7 9 -8 23 -12 22 -14 27 -16 17 19 -18 20 -2 -21 -5 -3 26 -26 -19 28 -1 -30
right_child=2 10 3 6 -6 7 8 -9 -10 -11 11 -13 13 -15 15 -17 18 24 -20 21 -22 -23 -24 -25 25 -27 -28 -29 29 -31
leaf_value=-0.11694910597926549 -0.089640024425506365 -0.075475912563135461 -0.14929083952624742 -0.087661240767876472 -0.048198991168200075 -0.083617105179711645 -0.1723366938017433 -0.10232555263784768 -0.15758662566878512 -0.087460447281516404 -0.052270347525079974 -0.14403301397787244 -0.14403749332419058 -0.089342634080774683 -0.071066281749673096 -0.16295357833244167 -0.091677166704696486 -0.10770055667152974 -0.017869416557936724 -0.085668592430218946 -0.13410522546579359 -0.018802919637002077 -0.038116355211985746 -0.019283185064088562 -0.064299631148730649 -0.12904816049471338 -0.15866410798929231 -0.11012345269713712 -0.039615030632681972 -0.081892348557171341
leaf_weight=6.182788372039794 59.520190000534058 8.1493725776672346 9.9000872671604139 24.824569806456566 28.753191977739334 708.89847905933857 7.2831077128648749 121.44603627920151 19.477249979972839 26.39475753903389 11.162748605012895 5.0870152711868277 26.980773448944092 93.990848198533058 7.3765240311622646 8.8288048058748227 21.909156337380413 17.59953585267067 7.298505872488021 60.415491744875908 36.054484650492668 5.4053935855627051 13.3787854462862 38.062717095017433 15.32542525231838 28.4484523832798 23.766926065087318 11.89116211235523 23.793176144361496 19.39013934135437
leaf_count=24 228 31 39 95 108 2708 29 468 77 101 42 20 106 360 28 35 84 68 27 231 141 20 50 141 58 111 94 46 89 74
internal_value=-0.0890143 -0.0656261 -0.0914313 -0.0889491 -0.0858156 -0.0871141 -0.101747 -0.0863601 -0.124983 -0.105846 -0.0425378 -0.0814351 -0.0939417 -0.101532 -0.0843497 -0.120939 -0.101146 -0.104523 -0.0728676 -0.0955912 -0.106387 -0.0799963 -0.0700804 -0.029024 -0.121374 -0.10625 -0.137188 -0.0745601 -0.0658766 -0.0584118
internal_weight=1497 139.924 1357.07 1081.33 868.998 840.245 212.33 830.345 53.1551 33.6779 62.4619 16.2498 159.175 120.972 77.4626 16.2053 275.744 246.536 29.2077 161.396 95.5747 65.8209 38.2034 46.2121 85.1403 43.7739 41.3665 61.2573 49.3661 43.1833
internal_count=5733 530 5203 4141 3323 3215 818 3176 207 130 234 62 611 466 296 63 1062 951 111 620 369 251 145 172 331 169 162 233 187 163
is_linear=0
shrinkage=1


Tree=1
num_leaves=31
num_cat=0
split_feature=14 25 55 52 53 14 29 14 50 4 50 5 1 14 51 4 54 52 59 25 0 15 0 6 51 51 55 9 54 5
split_gain=30.4743 21.6783 11.9879 13.7067 12.2144 12.0081 17.6644 14.6494 14.4496 12.4754 11.7102 10.2146 15.8124 10.0865 9.82447 8.9705 8.79855 8.17128 8.16957 7.80724 9.22373 7.58251 6.19074 5.88927 5.23231 4.93991 2.75703 2.41575 2.13795 2.08515
threshold=1.286796536796537 8.0500000000000025 1.2500000000000002 4.3000000000000016 2.0500000000000003 2.0556983339241408 6.3500000000000005 6.1459093673965945 14.300000000000002 15.706951460575448 11.100000000000001 7.5000000000000009 9.4500000000000011 1.0816218398344859 10.050000000000002 13.52011958629606 1.7000000000000004 3.7000000000000006 151.50000000000003 7.4722222222222232 7.9000000000000012 17.300000000000001 18.100000000000005 7.9500000000000011 11.65 10.950000000000001 1.9500000000000002 5.5047169811320762 0.90000000000000013 7.7000000000000002
decision_type=2 2 2 2 2 2 2 2 2 2 2 2 2 2 2 2 2 2 2 2 2 2 2 2 2 2 2 2 2 2
left_child=1 11 3 23 -4 9 8 -8 -7 15 21 16 25 29 -14 -6 26 -16 -11 20 -18 -3 -23 27 -15 -13 -1 28 -2 -12
right_child=2 10 4 -5 5 6 7 -9 -10 18 13 12 14 24 17 -17 19 -19 -20 -21 -22 22 -24 -25 -26 -27 -28 -29 -30 -31
leaf_value=0.034511265702703832 -0.047772800132975135 0.015716370542338255 0.075367350664660632 0.029967586712964081 -0.0076028140097372417 0.010262342219870999 -0.0019235015475148423 -0.037514106010625617 -0.0077754740839385775 -0.041673744478803697 0.081887786227357359 -0.079125761817538567 -0.032997944575955916 0.021845484004568955 0.084320905575100497 0.016165944837755655 -0.011781522890424306 0.0088834855003749706 0.0054811774179738858 -0.042966688644522466 0.05053020455565102 0.08819555144081008 0.027745497398941461 0 -0.036583770691741485 -0.016278558753482147 0.085183852276573838 -0.029215396637633301 -0.092412048203209404 0.03449479214467318
leaf_weight=5.8305986970663053 6.09946510195733 6.3100862354040137 5.6829786896705619 7.3963086307048789 164.00964491069317 765.24071219563484 123.34628084301949 37.808869898319244 129.46971234679222 36.471616059541702 5.4365170896053332 7.773034453392027 7.1782498061656979 8.7044929414987546 5.7043914496898642 52.20531539618969 10.379984050989156 9.9407282471656782 11.998092740774153 5.36147616803646 13.363971844315527 24.559446215629581 5.5685594379901877 5.205548793077468 6.6537980437278739 5.6754680126905441 6.2577678263187408 5.1304753124713889 6.9744269102811813 5.3168593347072601
leaf_count=22 24 24 21 28 632 2921 474 148 499 143 20 31 28 33 21 199 40 38 46 21 50 90 21 20 26 22 23 20 28 20
internal_value=0.00440544 0.0266088 0.00210909 -0.0286602 0.00282969 0.00250805 0.00489803 -0.0103226 0.007646 -0.00700529 0.0484975 0.00883048 -0.0104068 0.0225276 0.0147649 -0.00183589 0.0258745 0.0370672 -0.0299109 0.01069 0.0231449 0.0668583 0.0773167 -0.0474449 -0.00321775 -0.0532883 0.0616368 -0.0607909 -0.0724864 0.0594494
internal_weight=1497.05 140.015 1357.04 30.8062 1326.23 1320.55 1055.87 161.155 894.71 264.685 62.5498 77.4657 36.2719 26.1117 22.8234 216.215 41.1938 15.6451 48.4697 29.1054 23.744 36.4381 30.128 23.4099 15.3583 13.4485 12.0884 18.2044 13.0739 10.7534
internal_count=5733 530 5203 120 5083 5062 4042 622 3420 1020 234 296 140 99 87 831 156 59 189 111 90 135 111 92 59 53 45 72 52 40
is_linear=0
shrinkage=0.05


Tree=2
num_leaves=31
num_cat=0
split_feature=14 25 28 14 53 6 54 52 21 21 4 21 59 1 50 20 14 14 52 50 16 57 59 59 5 1 54 51 1 52
split_gain=27.5628 19.6034 11.1742 13.7899 13.9894 16.9036 15.7962 19.2611 15.9928 13.2872 10.8032 13.1565 12.79 11.6961 10.6779 10.4602 10.2306 17.2654 14.8688 15.8627 13.6056 10.0903 20.3789 10.908 9.22953 14.3544 9.18647 8.88626 8.31169 8.1486
threshold=1.286796536796537 8.0500000000000025 7.3000000000000016 2.0556983339241408 4.1500000000000012 12.550000000000002 1.5000000000000002 2.9000000000000004 26.850000000000005 38.650000000000013 15.706951460575448 33.45000000000001 173.50000000000003 15.050000000000002 12.300000000000002 31.300000000000001 6.1706224809673094 4.8930047694753585 5.1000000000000005 11.900000000000002 36.150000000000013 1.0000000180025095e-35 105.50000000000001 151.50000000000003 7.5000000000000009 9.4500000000000011 1.9000000000000001 10.050000000000002 23.250000000000004 2.5000000000000004
decision_type=2 2 2 2 2 2 2 2 2 2 2 2 2 2 2 2 2 2 2 2 2 2 2 2 2 2 2 2 2 2
left_child=1 24 3 10 6 9 7 -5 -8 -6 11 13 -13 -2 -3 -16 17 26 19 -19 -18 23 -23 -12 29 -26 -4 -27 -28 -1
right_child=2 14 16 4 5 -7 8 -9 -10 -11 21 12 -14 -15 15 -17 20 18 -20 -21 -22 22 -24 -25 25 27 28 -29 -30 -31
leaf_value=0.072277456742440765 -0.0026507202271962558 0.058376181859158022 0.0071668175527164583 0.0050284198889323619 0.01483686839950811 -0.063600571182319376 0.035589329856539127 -0.033679132009091721 0.0019954544195212131 -0.043907059079157019 -0.072022374225555658 0.041817901036776323 -0.038711935413003128 -0.041394798200246372 0.037968143402824228 -0.047772945200400589 0.018113344035102778 0.0095191555576705951 -0.039136946086362111 0.084258282095732911 -0.067744007347541241 0.067728970306076997 -0.036904992932517568 0.0020806547147858801 -0.050873722075330891 -0.031430547154664173 -0.086295049489775899 0.035228403754694923 -0.026452013012905312 0.013974797923862468
leaf_weight=7.3082347214221945 171.83190886676311 46.274715587496758 13.852585151791571 62.444317847490311 450.29850234091282 7.0869168490171424 39.517821475863457 65.654960885643959 339.54482550919056 9.7007178515195829 17.253340959548954 26.87614931166172 5.8877086490392676 21.932116851210594 11.180095359683039 5.0673703253269187 6.2938544303178814 23.016102582216263 8.9484543502330762 10.30972310900688 16.056184113025665 6.7119879126548794 14.554180949926375 6.7680363059043875 13.397892281413077 7.1647327393293407 7.7511776685714713 15.658185780048369 24.705664992332458 33.896937116980553
leaf_count=27 661 172 53 239 1715 28 149 256 1301 38 69 101 23 86 42 20 24 88 35 38 64 25 57 26 53 28 31 59 96 129
internal_value=0.00418573 0.0253075 0.00200204 0.00335934 0.00614025 0.0123828 0.000379777 -0.0147822 0.00551931 0.0135779 -0.00658826 -0.00210243 0.0271207 -0.00708104 0.0461275 0.0107921 -0.0131882 -0.00547631 0.0175347 0.032973 -0.0433706 -0.0288622 -0.00348418 -0.0510145 0.00839282 -0.00990856 -0.0265826 0.0140384 -0.0411182 0.0245865
internal_weight=1496.95 139.948 1357 1246.06 974.248 467.086 507.162 128.099 379.063 459.999 271.815 226.528 32.7639 193.764 62.5222 16.2475 110.934 88.5837 42.2743 33.3258 22.35 45.2875 21.2662 24.0214 77.426 36.2208 46.3094 22.8229 32.4568 41.2052
internal_count=5733 530 5203 4774 3726 1781 1945 495 1450 1753 1048 871 124 747 234 62 429 341 161 126 88 177 82 95 296 140 180 87 127 156
is_linear=0
shrinkage=0.05


Tree=3
num_leaves=30
num_cat=0
split_feature=14 25 53 55 28 14 49 54 4 56 51 10 54 5 14 14 16 4 20 9 15 1 10 14 25 21 10 50 15
split_gain=24.9253 17.7314 11.0949 10.2531 12.1516 13.1849 12.0758 10.0111 9.90282 9.8634 15.4976 16.2831 12.5756 11.5397 9.13428 19.7137 11.1908 7.37876 7.25379 6.50129 16.5401 6.13403 5.97134 5.47809 5.34821 5.29639 2.44036 2.187 1.79648
threshold=1.286796536796537 8.0500000000000025 2.0500000000000003 1.2500000000000002 7.3000000000000016 2.0556983339241408 24.350000000000005 2.1000000000000005 15.706951460575448 2.5000000000000004 10.65 1.6333333333333335 2.3000000000000003 6.7000000000000002 6.1275000000000004 5.9054010866091415 36.150000000000013 8.903786816269287 26.900000000000002 7.0577624856636438 24.500000000000004 22.550000000000004 1.1000000000000003 3.6371473354231978 9.2500000000000018 29.950000000000003 0.90000000000000013 13.500000000000002 26.900000000000002
decision_type=2 2 2 2 2 2 2 2 2 2 2 2 2 2 2 2 2 2 2 2 2 2 2 2 2 2 2 2 2
left_child=1 9 -2 18 5 8 -7 26 -5 10 12 27 17 -11 15 -6 -16 -1 -4 20 25 23 -14 -20 -21 -9 -3 -12 -28
right_child=2 7 3 4 14 6 -8 19 -10 13 11 -13 22 -15 16 -17 -18 -19 21 24 -22 -23 -24 -25 -26 -27 28 -29 -30
leaf_value=0.039859746647078427 0.070986388111637072 0.036823360770612747 -0.073580175910392245 -0.0017532982573518524 -0.014811634441902847 0.0068907128121701499 -0.064747770457941486 0.010899917641285532 -0.027515202338708786 0.018832444617216074 0.08471571673264694 -0.019368990166129821 -0.089738701101748655 -0.065207907784737548 0.017203865283370125 0.059092001294360756 -0.05872042460738397 -0.01800669177698749 -0.018594061418303953 0.021615004615764072 -0.059983697038671714 -0.052750007905838704 -0.014389730941199325 0.040039374606985929 0.087567859162430053 0.068552324990524535 0.085008463857644656 0.049271152740191726 0.047009236118549402
leaf_weight=13.026300877332689 5.6899744570255271 6.1249658018350628 6.4981483072042492 215.84815099835396 72.59935300052166 945.20540219545364 5.8074681162834159 9.7265356034040504 45.137848541140556 7.3879819065332439 10.068576633930212 7.2248335480689994 4.9629863202571851 8.7544196546077711 6.3003598898649242 10.189609855413435 19.286311939358711 9.2765247970819456 11.047591492533689 6.5980979502201063 6.0666476339101783 7.0767725855112067 5.9602818638086319 6.08371777832508 6.2733432948589325 7.017530068755149 15.261008754372599 10.701442062854765 5.3549508154392234
leaf_count=49 21 23 26 830 281 3612 23 37 177 28 37 28 20 35 24 38 77 36 43 25 24 28 23 23 23 26 56 40 20
internal_value=0.00397614 0.0240746 0.00190012 0.00160023 0.00226885 0.00370678 0.00644123 0.0438956 -0.00623683 0.00798082 0.0171978 0.0445549 -0.00576668 -0.0265577 -0.0137545 -0.00559499 -0.0398363 0.0155949 -0.0269022 0.0262145 0.00982655 -0.0139156 -0.0495816 0.00204936 0.0545722 0.0356227 0.0671166 0.0670166 0.0756542
internal_weight=1496.56 139.786 1356.77 1351.08 1320.37 1212 951.013 62.4231 260.986 77.3633 61.2209 27.9949 33.2261 16.1424 108.376 82.789 25.5867 22.3028 30.7062 35.6822 22.8107 24.2081 10.9233 17.1313 12.8714 16.7441 26.7409 20.77 20.616
internal_count=5733 530 5203 5182 5062 4642 3635 234 1007 296 233 105 128 63 420 319 101 85 120 135 87 94 43 66 48 63 99 77 76
is_linear=0
shrinkage=0.05


Tree=4
num_leaves=25
num_cat=0
split_feature=1 21 21 56 24 15 0 49 49 10 0 1 55 49 15 6 0 24 55 9 0 53 54 49
split_gain=14.8519 16.8202 13.8171 11.4816 9.93306 13.6001 13.2307 9.6838 11.5106 18.7832 12.2159 8.70114 9.65845 10.8165 10.154 12.7193 8.55143 10.5183 11.969 9.22263 8.24306 6.56756 6.35182 3.2243
threshold=17.650000000000002 39.250000000000007 34.95000000000001 15.000000000000002 13.500000000000002 27.300000000000001 13.300000000000002 23.950000000000003 20.850000000000005 6.9000000000000012 17.500000000000004 17.150000000000002 2.6500000000000008 20.250000000000004 25.700000000000006 6.7500000000000009 4.5000000000000009 5.5000000000000009 3.1500000000000008 4.9875188536953248 11.900000000000002 3.9500000000000006 1.5000000000000002 19.250000000000004
decision_type=2 2 2 2 2 2 2 2 2 2 2 2 2 2 2 2 2 2 2 2 2 2 2 2
left_child=2 3 11 7 6 -6 20 8 10 -10 -2 16 14 -14 -13 -16 -1 18 -18 -19 21 -4 -8 -24
right_child=1 -3 4 -5 5 -7 22 -9 9 -11 -12 12 13 -15 15 -17 17 19 -20 -21 -22 -23 23 -25
leaf_value=0.059031050899640281 -0.02728939998917523 -0.073243116081657234 0.074629678591139212 0.052261129145655311 -0.065082640632632277 0.034057655118775926 0.016390276259435826 -0.064328867961182576 0.033326402358077038 -0.034356788879182414 -0.0011546073950038254 0.060688176607559909 0.10270752784451978 0.01218791643859355 -0.073909771193327173 0.028681043204909856 -0.029879395321761378 0.0015608507188748326 0.047752641965054056 0.013288510861930551 -0.026807916669329537 -0.0009878087809070085 0.09399886684104658 0.047635832162827241
leaf_weight=7.2551327049732199 48.874522924423218 8.0509372651576978 5.9574003815650958 9.8752637505531293 5.5665539354085913 8.7518148869276029 5.2552741318941143 6.0334911048412314 49.212606772780418 12.786381185054777 520.54817628860474 5.900662884116179 7.6674930751323682 6.0297151058912277 5.5317865461111051 6.3500670790672302 36.674431964755058 421.25570060312748 5.6052329093217841 279.63322125375271 7.9776989519596091 5.2106038480997086 13.652613073587419 6.3985337764024726
leaf_count=27 190 32 22 37 22 33 20 24 186 50 2000 22 28 23 22 24 143 1615 21 1067 31 20 50 24
internal_value=0.003779 -0.00185695 0.00817837 -0.000950209 0.0315611 -0.00432242 0.0432154 -0.00179045 -0.00117486 0.0192544 -0.00341098 0.00641064 0.0321538 0.063599 0.00743295 -0.0188827 0.00531993 0.00478098 -0.0193809 0.00624819 0.0114451 0.0392098 0.0669149 0.0797619
internal_weight=1496.06 655.381 840.674 647.33 58.7705 14.3184 44.4521 637.455 631.422 61.999 569.423 781.903 31.4797 13.6972 17.7825 11.8819 750.424 743.169 42.2797 700.889 19.1457 11.168 25.3064 20.0511
internal_count=5733 2519 3214 2487 222 55 167 2450 2426 236 2190 2992 119 51 68 46 2873 2846 164 2682 73 42 94 74
is_linear=0
shrinkage=0.05


Tree=5
num_leaves=31
num_cat=0
split_feature=14 1 5 0 20 20 51 49 11 5 59 59 11 48 5 49 11 21 21 53 25 28 14 10 21 29 28 1 53 10
split_gain=24.3034 16.4544 25.7258 13.406 13.8418 9.90078 9.04851 14.2049 14.7388 13.0885 11.9661 19.4738 11.8312 11.7526 17.072 24.308 10.2808 10.8741 26.2187 15.2581 9.95479 13.7445 9.81482 9.19844 8.64481 7.71809 7.54261 6.90401 6.49763 9.123
threshold=1.3007936507936511 9.4500000000000011 7.5000000000000009 20.100000000000005 34.300000000000004 21.900000000000002 12.65 20.050000000000004 6.6500000000000012 4.3000000000000016 143.50000000000003 99.500000000000014 9.3500000000000032 19.100000000000005 5.9000000000000012 14.65 9.3500000000000032 35.150000000000013 35.750000000000007 2.3500000000000001 8.2500000000000018 0.90000000000000013 5.1856406480117831 5.1000000000000005 32.850000000000001 2.4222222222222229 4.1000000000000005 15.633333333333335 3.9500000000000006 1.5000000000000002
decision_type=2 2 2 2 2 2 2 2 2 2 2 2 2 2 2 2 2 2 2 2 2 2 2 2 2 2 2 2 2 2
left_child=1 2 28 4 5 -3 13 9 10 -8 11 -9 -10 16 20 -16 17 19 -19 -2 21 -15 -11 -17 -22 -12 -18 -7 -1 -30
right_child=6 3 -4 -5 -6 27 7 8 12 22 25 -13 -14 14 15 23 26 18 -20 -21 24 -23 -24 -25 -26 -27 -28 -29 29 -31
leaf_value=0.041850073069977428 -0.035539235921428228 -0.019718891567748711 -0.060161740699304855 -0.043281373068443971 -0.025674642454434751 0.041858635374403028 0.0032501751047925281 -0.011169439847899842 -0.055238694734171534 -0.083577637394112475 0.0033454410933448798 0.029235361163617204 0.027943807833365752 0.037484164122358866 0.099800921096528911 -0.019543774952810348 0.0025899467901984532 0.045323009843192 5.2621605937631196e-05 -0.00015427444651518462 0.036599315549660137 -0.034104625851408603 -0.011566209454762322 0.013321541634233509 0.014049060152739915 -0.042062060412485704 -0.068348667911738534 0.080247138464118073 0.024778722119622343 -0.054438889347117103
leaf_weight=18.394822463393211 31.993382006883621 5.4276936203241339 13.213546410202978 5.0894665867090216 7.4506489336490622 65.680034622550011 12.544999703764914 53.669643998146057 19.962502226233486 14.787283107638361 16.981385722756386 66.54934561252594 5.2774276584386817 10.617876619100572 5.2117198705673209 72.213764041662216 6.0108643770217887 44.240221753716469 115.56311751902103 606.53710581362247 81.712257623672485 17.714078575372696 7.2419570833444586 29.908289104700089 91.017330229282379 20.204529970884323 9.2738955914974195 14.890316918492315 10.832460016012194 5.3394308984279624
leaf_count=69 125 21 53 20 29 247 48 207 79 59 65 252 20 40 19 280 23 166 444 2328 308 69 28 114 347 79 37 55 41 21
internal_value=0.00365067 0.022994 -0.000985388 0.0346613 0.0390014 0.0446862 0.00153202 -0.00779954 -0.00219938 -0.0371476 0.00346678 0.0111615 -0.0376071 0.00334357 0.0116539 -0.00440655 0.000186415 0.000972599 0.0126371 -0.00194034 0.0202504 -0.00706219 -0.0602896 -0.00986604 0.0247607 -0.0212387 -0.0402909 0.0491059 0.0215996 -0.00124289
internal_weight=1485.55 146.318 47.7803 98.5382 93.4487 85.998 1339.23 217.219 182.645 34.5742 157.405 120.219 25.2399 1122.01 308.395 107.334 813.619 798.334 159.803 638.53 201.062 28.332 22.0292 102.122 172.73 37.1859 15.2848 80.5704 34.5667 16.1719
internal_count=5693 556 184 372 352 323 5137 837 702 135 603 459 99 4300 1177 413 3123 3063 610 2453 764 109 87 394 655 144 60 302 131 62
is_linear=0
shrinkage=0.05


Tree=6
num_leaves=31
num_cat=0
split_feature=1 21 1 56 50 50 29 10 28 4 49 49 16 59 16 5 24 10 59 5 50 51 0 0 0 9 28 0 10 20
split_gain=11.5799 13.258 11.3944 9.93995 10.3017 20.8142 15.6413 14.1506 11.1923 10.6003 8.80232 13.1069 11.1686 9.6002 8.35012 11.1982 16.5565 9.05995 8.14499 13.4998 17.9785 12.5483 11.4309 11.0154 10.1579 6.85267 11.1811 8.24222 6.69168 3.02823
threshold=17.850000000000005 38.850000000000001 17.150000000000002 15.000000000000002 13.900000000000002 13.100000000000001 8.4500000000000011 3.3000000000000003 7.5000000000000009 25.999379068174033 21.050000000000004 21.950000000000003 25.450000000000003 87.500000000000014 29.250000000000004 6.7000000000000002 13.100000000000001 2.9000000000000004 151.50000000000003 3.5000000000000004 12.900000000000002 10.65 6.9000000000000012 12.300000000000002 19.300000000000001 4.5954913880445805 1.5000000000000002 12.500000000000002 5.5000000000000009 30.700000000000006
decision_type=2 2 2 2 2 2 2 2 2 2 2 2 2 2 2 2 2 2 2 2 2 2 2 2 2 2 2 2 2 2
left_child=2 3 10 4 5 9 8 -7 -6 -2 18 25 13 -13 15 16 29 -18 19 20 -1 22 -20 -23 -21 27 -27 -12 -16 -4
right_child=1 -3 14 -5 6 7 -8 -9 -10 -11 11 12 -14 -15 28 -17 17 -19 21 24 -22 23 -24 -25 -26 26 -28 -29 -30 -31
leaf_value=-0.017005385265017096 -0.0053315699834705944 -0.061325676470769613 0.044487639015393071 0.047482501449583617 -0.014958802129663074 -0.03852934096036522 0.043865326482138513 0.050294807945945055 -0.066855871778551221 0.012816102751866273 -0.088845579492000393 -0.031025285273682014 -0.059367710578847648 0.035213728166537284 0.093211221676992889 -0.050548647520647354 0.046881330120308831 -0.02054155951069668 -0.040417694638038654 0.010313276990873326 0.026147277225866877 0.022447013740356861 0.03586912889405957 -0.017785417607701158 -0.044010449826882403 0.046123495578990134 -0.045033832000941139 -0.015014233586164889 0.019975829446421074 0.099008766514493446
leaf_weight=119.01685726642609 365.2706543058157 9.062627509236334 5.3144762068986875 10.40594109892845 92.558512181043625 5.0837907195091239 10.100547954440115 31.540562987327576 11.71982619166374 103.02722512185574 9.2568010389804858 6.9270779490470913 5.0437171906232825 23.85787396132946 7.9324663430452329 5.0507844835519782 7.4621411412954357 14.462293505668638 5.1044878214597693 420.83036625385284 30.106478050351143 33.184448391199112 76.574074625968933 34.655308470129967 8.6553863286972028 5.324414685368537 8.680381700396536 6.7306484282016745 5.5369166731834412 6.5737653076648712
leaf_count=460 1406 36 20 39 358 20 38 118 47 394 37 27 20 90 29 20 28 56 20 1608 114 126 289 134 34 20 34 26 21 24
internal_value=0.00346866 -0.00160686 0.00730529 -0.000729856 -0.00155556 0.00150551 -0.0151018 0.0377577 -0.0208979 -0.00132646 0.00580579 -0.0116629 0.0086354 0.0200949 0.0299046 0.0178799 0.0283678 0.00228796 0.00739317 0.00469153 -0.00824811 0.0178045 0.0309969 0.00182513 0.00919687 -0.0360255 -0.00994139 -0.0583602 0.0638436 0.0756273
internal_weight=1485.05 638.77 846.281 629.707 619.301 504.922 114.379 36.6244 104.278 468.298 793.948 65.8209 35.8287 30.785 52.3328 38.8635 33.8127 21.9244 728.127 578.609 149.123 149.518 81.6786 67.8398 429.486 29.9922 14.0048 15.9874 13.4694 11.8882
internal_count=5693 2456 3237 2420 2381 1938 443 138 405 1800 3039 254 137 117 198 148 128 84 2785 2216 574 569 309 260 1642 117 54 63 50 44
is_linear=0
shrinkage=0.05


Tree=7
num_leaves=22
num_cat=0
split_feature=4 25 4 9 21 53 25 28 1 53 55 51 21 9 6 9 6 55 50 5 57
split_gain=10.915 10.1834 11.0856 14.4755 19.5554 13.3161 10.5784 11.006 11.132 10.0721 9.73734 9.41418 9.39552 8.34628 15.4904 9.27007 7.55502 28.2991 20.9534 7.29953 6.96156
threshold=16.530192608016662 16.650000000000002 11.597036541889485 3.5404637797380385 28.950000000000003 4.8500000000000005 14.450000000000001 0.50000000000000011 10.250000000000002 6.5000000000000009 1.2500000000000002 11.550000000000002 38.850000000000001 3.7121346861231257 4.0500000000000007 4.9275095471903994 6.4500000000000011 2.0500000000000003 4.9000000000000012 2.9000000000000004 1.0000000180025095e-35
decision_type=2 2 2 2 2 2 2 2 2 2 2 2 2 2 2 2 2 2 2 2 2
left_child=1 2 6 4 19 -6 7 8 -1 10 20 -9 16 14 -5 -15 18 -18 -12 -4 -2
right_child=9 -3 3 13 5 -7 -8 11 -10 -11 12 -13 -14 15 -16 -17 17 -19 -20 -21 -22
leaf_value=0.037199021696902285 0.0025321217870470599 -0.043231153643683774 0.0076537624241454633 0.076317234230473652 -0.045066944715997502 0.025388160872469329 0.063659864079681647 -0.008366699713051564 -0.023246689742689047 -0.069595852223004226 -0.050894492613028586 0.0094828044061843492 -0.05159196829577252 0.0060094598436056627 -0.0068262611923752608 0.02362259206232805 0.02350476495101874 -0.016675744837968586 0.0067190893415966825 0.072694633668945297 -0.069984397950221752
leaf_weight=35.048632577061653 5.1677007079124424 9.6803258210420591 11.519758924841883 15.432137131690981 30.119601190090179 8.4501782804727537 6.7278714776039115 217.89734880626202 9.542718291282652 5.2411673814058295 16.263134554028511 111.46921396255493 8.5554768443107587 135.7936784774065 8.5747219622135145 168.74496351182461 58.499900668859482 173.06217242777348 433.4938128143549 7.0230153352022162 8.4751296043395996
leaf_count=132 20 38 44 57 118 32 25 840 37 21 64 426 34 520 33 640 222 671 1659 26 34
internal_value=0.00329506 0.00739252 0.00804407 0.0140198 -0.00914296 -0.029476 0.00197504 0.000835176 0.0241285 -0.00118463 -0.000658041 -0.00230958 0.000164901 0.0180631 0.0465077 0.0157899 0.000829638 -0.00649753 0.00461383 0.0328138 -0.0423338
internal_weight=1484.78 776.024 766.344 385.658 57.1126 38.5698 380.686 373.958 44.5914 708.758 703.517 329.367 689.874 328.546 24.0069 304.539 681.319 231.562 449.757 18.5428 13.6428
internal_count=5693 2968 2930 1470 220 150 1460 1435 169 2725 2704 1266 2650 1250 90 1160 2616 893 1723 70 54
is_linear=0
shrinkage=0.05


Tree=8
num_leaves=31
num_cat=0
split_feature=11 11 24 50 55 29 9 6 9 59 51 49 21 24 55 21 56 21 1 49 53 9 49 48 25 1 55 10 50 24
split_gain=11.395 13.9695 16.6122 14.0335 15.5787 11.3502 17.5637 13.2235 10.6699 10.3406 10.8079 9.98762 9.5801 12.2352 10.124 9.41078 9.79838 9.11201 9.56075 8.7867 8.7069 8.27561 8.08669 9.72645 7.15338 12.8785 6.26976 6.16874 5.79445 5.7503
threshold=6.6500000000000012 4.9500000000000011 13.700000000000001 17.900000000000002 3.5500000000000003 4.4500000000000011 3.2140752864157123 4.4500000000000011 4.5024752475247531 88.500000000000014 12.750000000000002 19.750000000000004 36.250000000000007 19.700000000000006 1.8500000000000003 28.050000000000004 15.000000000000002 34.95000000000001 14.550000000000002 20.650000000000002 2.3500000000000001 5.4123022703057133 14.350000000000003 21.100000000000005 13.950000000000001 17.650000000000002 3.2500000000000004 8.1000000000000014 11.100000000000001 16.900000000000002
decision_type=2 2 2 2 2 2 2 2 2 2 2 2 2 2 2 2 2 2 2 2 2 2 2 2 2 2 2 2 2 2
left_child=1 2 17 4 9 6 28 11 -9 10 -3 -8 13 22 -14 -4 20 24 -19 -11 -17 -10 29 -24 26 -26 -1 -15 -2 -7
right_child=5 3 15 -5 -6 12 7 8 21 19 -12 -13 14 27 -16 16 -18 18 -20 -21 -22 -23 23 -25 25 -27 -28 -29 -30 -31
leaf_value=0.0024401844872730914 -0.073359756145409419 0.002297721921801566 0.047672743100490265 -0.051047368962387332 0.065072214108971474 -0.018154446279801107 0.053045404770174158 -0.052093373432116209 0.050158584017544798 0.015329874640629716 -0.071512981990414226 -0.016809151307390843 0.019816881950541113 0.0040262546257451735 -0.055431024360524266 -0.05211403470899062 0.054611092807680388 -0.0014598369208602433 0.055931420013144661 0.048941164959841604 -0.008151175630403993 -0.0088697468728276829 -0.045584704555442182 0.0058706414627053604 0.07290850778255864 -0.0019377177388673764 0.018831842664721179 0.07445382983297609 -0.0098202900291293679 0.051504066103007784
leaf_weight=563.10322959721088 7.8082780092954618 62.925319984555244 7.4850158542394629 7.8555659353733054 15.360328420996664 5.6644190251827222 25.71311824023724 8.8991386443376523 8.8232287913560885 181.76534499228001 5.2759340703487387 6.2062156945466986 5.2185837924480465 7.5615129470825178 26.29846765100956 11.657454431056975 5.8951775282621375 11.730232432484629 18.225608512759209 21.923138007521629 302.79257725179195 17.398351147770882 29.687373459339142 13.013236060738562 10.537628740072252 12.217442855238913 65.17807874083519 5.3959893435239792 7.0071406215429306 5.8727823495864868
leaf_count=2160 31 241 28 31 57 22 96 35 33 692 21 24 20 29 105 46 22 45 68 82 1168 67 117 50 39 47 248 20 27 22
internal_value=0.00313057 0.00476331 0.00195791 0.0143327 0.0161553 -0.00862825 0.00508687 0.0160387 -0.00500912 0.0133504 -0.00343529 0.039297 -0.0200455 -0.00925545 -0.0427901 -0.00728099 -0.00859509 0.00641329 0.0333615 0.0189943 -0.00981293 0.0109177 -0.0197449 -0.0298095 0.00516072 0.0326713 0.00415134 0.0340834 -0.0439105 0.0170121
internal_weight=1484.5 1303.93 1008.82 295.106 287.25 180.568 81.8555 67.0401 35.1207 271.89 68.2013 31.9193 98.7124 67.1953 31.5171 327.83 320.345 680.992 29.9558 203.688 314.45 26.2216 54.2378 42.7006 651.036 22.7551 628.281 12.9575 14.8154 11.5372
internal_count=5693 4995 3871 1124 1093 698 313 255 135 1036 262 120 385 260 125 1264 1236 2607 113 774 1214 100 211 167 2494 86 2408 49 58 44
is_linear=0
shrinkage=0.05


Tree=9
num_leaves=31
num_cat=0
split_feature=50 5 9 56 0 4 55 59 54 29 19 59 51 50 55 24 50 9 28 19 29 11 50 21 51 59 11 28 4 11
split_gain=10.9644 16.3909 14.6675 14.3453 13.7794 22.2628 16.9858 20.0005 12.5625 18.4456 12.5242 11.9674 11.8916 11.8833 11.6844 14.0003 10.1912 9.95418 10.8175 10.7095 9.88851 11.8202 8.75607 8.19335 28.0576 12.5062 7.83664 10.2554 10.1879 8.30616
threshold=6.7000000000000002 6.1000000000000005 5.7472083990775591 1.5000000000000002 9.5000000000000018 16.283320393374748 2.0500000000000003 89.500000000000014 2.7000000000000006 0.25000000000000006 41.14556704388179 55.500000000000007 12.750000000000002 7.7000000000000002 1.6500000000000001 17.500000000000004 19.500000000000004 3.5850060216780415 0.70000000000000007 12.905196241017139 1.7500000000000002 1.6833333333333336 9.7000000000000011 28.050000000000004 10.850000000000003 93.500000000000014 5.5500000000000007 1.9000000000000001 11.130441632095785 6.9500000000000011
decision_type=2 2 2 2 2 2 2 2 2 2 2 2 2 2 2 2 2 2 2 2 2 2 2 2 2 2 2 2 2 2
left_child=2 8 3 -1 20 23 7 -7 9 -2 -8 -5 13 -11 -13 -16 17 19 -19 -10 -3 -22 -14 24 -6 -25 27 -4 -29 -28
right_child=1 4 26 11 5 6 10 -9 16 12 -12 14 22 -15 15 -17 -18 18 -20 -21 21 -23 -24 25 -26 -27 29 28 -30 -31
leaf_value=0.053893075762030868 0.078291236885820778 -0.059143081071412917 0.066316760784257231 0.058873838972690655 -0.013819483872062705 0.056758278672356693 -0.026736246010552495 -0.010493762876652222 0.037761258540819943 -0.022605246086134734 0.0066999092432270995 -0.037352873187901613 0.010450740638204685 0.0049036536646524234 0.012634803401589227 -0.04055728016746353 -0.053647437330812203 0.05719250222549338 0.016275373258591151 -0.0064555471213079141 0.036399304724328882 -0.042960419166916827 -0.0349911692279515 -0.024268334300967895 0.056070388983172563 0.010792129337448554 0.085943493196347809 -0.037134437278162132 0.022556156205780272 0.011918626584165174
leaf_weight=12.301892563700674 7.325103446841239 19.951882287859917 10.77804012596607 7.2226806282997122 25.84736342728138 16.611380040645599 154.43991716206074 32.355825796723366 16.198812291026115 44.042053505778313 33.886491671204567 24.455453768372536 14.126872465014456 352.80198995769024 62.888767972588539 15.281971544027327 5.5715611428022376 17.44475831091404 227.66025663912296 85.47328208386898 8.1682104915380496 10.683246508240698 40.197298213839531 33.470165207982063 31.866910696029663 104.5519645512104 11.171560078859331 8.429917708039282 42.883884221315384 6.0180659741163245
leaf_count=46 27 79 40 27 100 62 603 125 61 171 130 96 54 1351 240 60 22 65 867 329 31 42 157 130 119 399 41 33 163 23
internal_value=0.00297529 0.00126744 0.0138196 0.00289792 -0.00613618 -0.00356161 -0.0138638 0.0122877 0.00558204 0.000114741 -0.020693 -0.00281133 -0.00116051 0.00183317 -0.0072544 0.00213362 0.0126801 0.0137753 0.0192301 0.000570307 -0.0346558 -0.00829993 -0.0230847 0.00890306 0.0247139 0.0022424 0.0305591 0.022096 0.0125997 0.0605355
internal_weight=1484.11 1282.68 201.432 122.151 471.833 433.03 237.294 48.9672 810.842 458.493 188.326 109.849 451.168 396.844 102.626 78.1707 352.349 346.777 245.105 101.672 38.8033 18.8515 54.3242 195.736 57.7143 138.022 79.2815 62.0918 51.3138 17.1896
internal_count=5693 4924 769 469 1820 1668 920 187 3104 1760 733 423 1733 1522 396 300 1344 1322 932 390 152 73 211 748 219 529 300 236 196 64
is_linear=0
shrinkage=0.05


Tree=10
num_leaves=31
num_cat=0
split_feature=14 21 20 25 5 11 1 11 59 10 53 14 51 52 4 21 21 15 48 20 29 9 19 58 14 54 14 52 51 51
split_gain=15.5576 13.4084 11.9639 11.2025 11.8204 10.2098 14.9914 13.3981 12.2405 14.8895 13.1702 11.5915 12.4755 13.5179 12.0446 20.2198 13.1729 11.2647 10.1364 10.0594 9.03649 14.7665 13.3088 10.7785 10.6822 8.63101 8.61845 7.15889 6.90681 7.41087
threshold=1.286796536796537 17.950000000000003 34.300000000000004 8.1500000000000004 7.5000000000000009 2.0500000000000003 16.350000000000005 6.9500000000000011 152.50000000000003 2.1000000000000005 4.2500000000000009 5.2159725624693793 6.6500000000000012 2.9000000000000004 16.283320393374748 35.050000000000004 39.250000000000007 17.500000000000004 21.100000000000005 35.900000000000006 5.6500000000000012 3.2140752864157123 36.269876819708855 4.0000000000000009 6.0194404069767451 2.9000000000000004 2.3227486559139789 2.5000000000000004 10.350000000000003 8.4500000000000011
decision_type=2 2 2 2 2 2 2 2 2 2 2 2 2 2 2 2 2 2 2 2 2 2 2 2 2 2 2 2 2 2
left_child=1 -1 3 4 27 6 8 11 19 17 -11 14 -13 -14 15 -7 -16 -10 28 26 21 -9 -22 -23 -24 -6 -2 -3 29 -8
right_child=5 2 -4 -5 25 7 18 20 9 10 -12 12 13 -15 16 -17 -18 -19 -20 -21 22 23 24 -25 -26 -27 -28 -29 -30 -31
leaf_value=-0.041160924264721566 -0.0096860423644090244 0.08352719602580809 -0.038826835405410542 0.043123287495862347 -0.023052304294133397 0.0047297963549481617 -0.062611285032646 -0.053314276640192906 0.058355731224059175 -0.068660325894520272 0.029652647765364346 -0.051256047611275272 0.042482039846284236 0.011164166422435257 -0.002600336171465184 0.041442774193375387 -0.084451601592074321 0.0076576968709199597 0.016058649753974457 0.050640015619578718 -0.080821478798561996 0.028794036292561775 0.048010330408641985 -0.007717785692422232 -0.025568479383318611 0.029677453270871085 -0.05081920089319121 0.023036019961880573 -0.076083281702947245 0.01920808518977183
leaf_weight=8.6469284892082197 119.46644735336304 5.9799518734216681 7.3379680663347235 55.294582664966583 25.278840109705925 328.83997324109077 5.5289884805679375 12.165774360299109 19.588775873184204 8.3268263489007932 5.558134287595748 6.5845280587673178 44.220525234937668 159.17461350560188 380.67373855412006 42.322223141789436 4.8856374323368064 25.384308725595474 6.2839976549148551 6.146124690771102 9.5616284012794477 31.235597774386406 5.6065248996019355 56.549790874123573 35.023442268371582 11.030861824750898 14.272019878029822 28.513217583298683 14.908586680889128 5.2439959049224854
leaf_count=34 461 22 29 209 99 1258 22 48 73 33 21 26 166 607 1464 159 20 97 24 23 39 118 21 218 138 42 56 108 60 20
internal_value=0.00292095 0.0186538 0.0225953 0.0262372 0.012937 0.00125715 -0.00831026 0.00323855 -0.00316281 0.0159146 -0.0290176 0.00540039 0.0157958 0.0180151 0.0025075 0.00893954 -0.00367211 0.0299315 -0.0400484 -0.0112312 -0.0106416 -0.00188777 -0.027936 0.00523486 -0.0151996 -0.0068582 -0.0141477 0.0338788 -0.0539801 -0.0225136
internal_weight=1489.63 142.082 133.435 126.097 70.8029 1347.55 230.708 1116.84 198.743 58.858 13.885 966.701 209.98 203.395 756.722 371.162 385.559 44.9731 31.9656 139.885 150.143 99.9512 50.1916 87.7854 40.63 36.3097 133.738 34.4932 25.6816 10.773
internal_count=5715 543 509 480 271 5172 890 4282 764 224 54 3700 799 773 2901 1417 1484 170 126 540 582 384 198 336 159 141 517 130 102 42
is_linear=0
shrinkage=0.05


Tree=11
num_leaves=26
num_cat=0
split_feature=14 21 55 51 56 48 14 21 51 0 1 50 28 6 51 6 19 48 24 51 58 15 24 59 50
split_gain=14.091 12.1413 9.37376 11.0003 11.4639 10.943 9.98385 12.1074 11.8162 8.99382 13.4198 13.0043 10.698 14.1605 8.58461 7.8913 14.6292 8.90655 7.69325 7.67198 7.27429 6.06397 3.5323 2.83285 0.85265
threshold=1.286796536796537 17.950000000000003 3.8500000000000001 12.750000000000002 19.000000000000004 24.500000000000004 2.0556983339241408 36.45000000000001 12.15 20.100000000000005 14.350000000000003 12.100000000000001 1.7000000000000004 7.5500000000000007 10.65 7.5500000000000007 37.72569444444445 21.300000000000001 13.300000000000002 14.550000000000002 10.000000000000002 27.700000000000006 14.300000000000002 112.50000000000001 8.5000000000000018
decision_type=2 2 2 2 2 2 2 2 2 2 2 2 2 2 2 2 2 2 2 2 2 2 2 2 2
left_child=1 -1 3 4 6 22 7 -2 -8 10 12 24 13 -3 -14 16 19 18 -17 -5 -19 -6 -4 -18 -12
right_child=2 9 5 15 21 -7 8 -9 -10 -11 11 -13 14 -15 -16 17 23 20 -20 -21 -22 -23 -24 -25 -26
leaf_value=-0.039166167816948143 -0.0095736058151414376 0.049230320976695323 0.034591133366005639 -0.016549501593234355 0.0057505159013219991 -0.011327461446599095 0.0021773195823237201 0.045295423134081567 0.02013598579569445 -0.042865394958056864 0.055614835906568016 -0.0011476487658896009 -0.016262501210914659 -0.034809864935355136 0.020948173543454889 -0.042275341030860301 -0.091580282413518288 0.058996410296103988 0.02118629383050297 0.01959809388658423 -0.0075402022737442696 0.076249352756245933 0.083380255750666377 -0.039161775152011205 0.083082041122875108
leaf_weight=8.6382457911968213 231.40884879231453 32.256459027528763 9.8087163120508247 106.50431142747402 5.2339738160371763 9.5697100609540922 790.4354236125946 10.386142715811728 103.67437899112701 5.0698224753141394 6.5869799405336442 7.5143357515335074 30.514999687671661 5.7854091674089423 31.22126117348671 10.658092588186266 6.6917533278465253 11.241759315133097 8.3904797583818418 16.817332699894905 6.2147195488214484 7.8644395917654037 6.7993966639041892 5.2769954800605774 14.159627020359038
leaf_count=34 895 121 37 413 20 37 3031 39 394 20 25 29 119 23 119 42 27 42 32 64 24 29 25 21 53
internal_value=0.00277571 0.0177679 0.00119312 0.0006009 0.00236916 0.0307672 0.00182609 -0.00717832 0.00426728 0.0215268 0.024147 0.0545777 0.0154318 0.0362606 0.00247827 -0.011191 -0.0167683 0.00933173 -0.0140961 -0.0115677 0.0351157 0.0487147 0.0552443 -0.0693994 0.0749098
internal_weight=1488.72 141.747 1346.98 1320.8 1149 26.1778 1135.9 241.795 894.11 133.109 128.039 28.2609 99.7781 38.0419 61.7363 171.795 135.29 36.5051 19.0486 123.322 17.4565 13.0984 16.6081 11.9687 20.7466
internal_count=5715 543 5172 5073 4408 99 4359 934 3425 509 489 107 382 144 238 665 525 140 74 477 66 49 62 48 78
is_linear=0
shrinkage=0.05


Tree=12
num_leaves=25
num_cat=0
split_feature=14 21 20 25 5 55 0 58 25 16 28 24 4 21 4 9 14 15 54 16 50 52 9 25
split_gain=12.7697 11.0022 10.7244 9.72526 9.90174 8.47647 8.35615 8.28088 8.17319 10.0336 8.00979 13.0315 10.1828 12.8818 11.4655 13.0707 11.1215 11.0571 9.71998 7.94513 7.55475 6.59171 4.45971 2.57804
threshold=1.286796536796537 17.950000000000003 34.300000000000004 8.1500000000000004 7.5000000000000009 3.8500000000000001 19.500000000000004 7.0000000000000009 13.850000000000003 20.250000000000004 1.0000000180025095e-35 8.1000000000000014 10.708583747060363 35.550000000000004 16.283320393374748 3.5030488938464406 1.674510889627169 28.900000000000002 1.3 18.650000000000002 14.500000000000002 2.5000000000000004 4.1628225521385653 6.8285714285714292
decision_type=2 2 2 2 2 2 2 2 2 2 2 2 2 2 2 2 2 2 2 2 2 2 2 2
left_child=1 -1 3 4 21 10 20 8 9 -7 11 23 13 18 15 -14 -16 -15 -12 -6 -5 -3 -13 -2
right_child=5 2 -4 6 19 7 -8 -9 -10 -11 12 22 14 17 16 -17 -18 -19 -20 -21 -22 -23 -24 -25
leaf_value=-0.037295259192114835 0.040835926922436164 0.078718826471714493 -0.037694546439989575 0.053549564061147581 -0.050669686614414781 0.069043862075871806 -0.018328521612373236 -0.022042619554083882 0.084123127021244193 -0.020686476307323651 0.012405697259919361 0.019474510729165354 -0.0089088535392441975 0.075964524347944401 -0.03964903868439347 0.012982752165363555 -0.00096398144890268037 -0.017608038423351333 -0.01887529730253943 0.0057038325775717975 -0.0056687735043911523 0.020436144310692437 -0.0444943182505457 0.089263169524721547
leaf_weight=8.6233811080455762 6.929778918623926 5.9164098948240271 7.3176455944776526 43.398395493626595 7.8767710477113715 5.4082224071025902 5.3920580297708502 5.8962995111942282 7.8860003650188437 6.9734372794628143 29.324952334165573 5.5296927690505964 85.547449007630348 7.597667917609213 19.02661894261837 330.44610139727592 665.97836416959763 5.1753905117511749 154.1833817511797 28.366952165961266 5.954661712050437 28.456043273210526 5.0907496809959412 5.7348807901144028
leaf_count=34 26 22 29 165 32 20 21 23 29 27 112 21 330 28 76 1259 2563 20 597 109 23 108 20 21
internal_value=0.00263932 0.0169358 0.0205236 0.0239891 0.0116009 0.00113444 0.0398274 0.0292651 0.0444721 0.0183457 0.000571133 0.0295737 4.44674e-05 -0.0104401 0.00191894 0.00846775 -0.00205142 0.0378201 -0.0138453 -0.00651584 0.0463065 0.0308124 -0.0108506 0.0636842
internal_weight=1488.03 141.302 132.679 125.361 70.6162 1346.73 54.7451 26.164 20.2677 12.3817 1320.57 23.2851 1297.28 196.281 1101 415.994 685.005 12.7731 183.508 36.2437 49.3531 34.3725 10.6204 12.6647
internal_count=5715 543 509 480 271 5172 209 99 76 47 5073 88 4985 757 4228 1589 2639 48 709 141 188 130 41 47
is_linear=0
shrinkage=0.05


Tree=13
num_leaves=31
num_cat=0
split_feature=14 21 20 0 11 14 28 21 14 0 51 51 59 50 53 48 10 1 51 10 53 53 51 11 16 52 48 58 48 54
split_gain=11.5806 9.97711 9.72745 9.01978 8.77597 15.4038 12.1753 11.6838 11.2369 11.1353 10.1997 11.1713 9.94991 12.684 17.3191 12.3454 10.9376 14.7865 9.82539 8.63665 8.62163 15.1625 10.9668 8.49706 6.74672 6.025 5.77489 5.72546 8.19135 7.6842
threshold=1.286796536796537 17.950000000000003 34.300000000000004 7.7000000000000002 6.9500000000000011 5.2159725624693793 6.1000000000000005 37.050000000000004 5.8602755610122097 26.100000000000005 6.6500000000000012 10.050000000000002 159.50000000000003 6.7000000000000002 4.8500000000000005 10.900000000000002 3.7000000000000006 13.250000000000002 11.350000000000003 7.5000000000000009 3.9500000000000006 3.6500000000000008 12.65 6.0500000000000007 12.250000000000002 4.7000000000000002 18.500000000000004 7.0000000000000009 10.700000000000001 2.1000000000000005
decision_type=2 2 2 2 2 2 2 2 2 2 2 2 2 2 2 2 2 2 2 2 2 2 2 2 2 2 2 2 2 2
left_child=1 -1 3 24 5 12 8 10 -6 -8 -7 -12 13 14 -2 -15 17 -14 -18 -11 21 -10 -22 -9 -3 -21 -26 29 -29 -5
right_child=4 2 -4 27 6 7 9 23 20 19 11 -13 16 15 -16 -17 18 -19 -20 25 22 -23 -24 -25 26 -27 -28 28 -30 -31
leaf_value=-0.035535792480702759 0.007147217757567108 0.029356319646104263 -0.03588428790001099 0.060832872268535287 -0.044330844297932576 -0.048908027786445346 -0.071116551237585035 0.097078469273328527 0.0076580633953165535 0.03655963180241753 0.031177358357554159 0.0053741072781122246 0.019363745202000703 -0.069108583493742479 0.075859284886982847 -0.0040051071921621412 0.04511064197115397 -0.020208564333279812 0.0022788406012561671 -0.061248051012867392 0.026321240919773548 -0.056015313594631133 -0.026028619184959134 0.01314159682512841 -0.072559757386277929 0.0022949713597868256 7.7932858803973627e-05 -0.040291122657301809 0.023182799912213409 0.02235500719085224
leaf_weight=8.6032823324203473 101.36291509866714 6.3183057010173824 7.307742938399314 24.188770338892937 13.978527814149855 6.5599158257246009 13.760065898299215 7.1334140598773939 26.830003917217255 6.0757642388343838 62.819093585014343 127.90395638346672 51.348970085382462 7.2683606892824164 10.020835816860197 715.85373610258102 35.438977301120758 43.494335532188416 21.908255338668823 8.380974665284155 47.797354847192764 14.151022657752035 12.469723597168921 5.4932099431753159 5.1723974496126157 6.3856446743011466 5.4043516516685486 5.5315077155828467 48.664916694164276 29.546124339103699
leaf_count=34 388 24 29 92 55 26 56 26 103 23 237 489 195 29 37 2756 133 169 84 34 181 56 49 21 21 25 21 22 187 113
internal_value=0.00250957 0.016154 0.0195817 0.022895 0.00107857 0.00251056 -0.0103187 0.0148067 -0.00245053 -0.036293 0.0117732 0.0139111 -0.000101486 -0.00225106 0.0134364 -0.00467586 0.0116462 0.00116139 0.0288672 -0.012834 0.00332025 -0.0142899 0.0153816 0.0613448 -0.01081 -0.0336027 -0.035323 0.0282224 0.01655 0.0398495
internal_weight=1487.17 140.737 132.134 124.826 1346.44 1196.61 149.829 209.91 115.227 34.6024 197.283 190.723 986.696 834.506 111.384 723.122 152.191 94.8433 57.3472 20.8424 101.248 40.981 60.2671 12.6266 16.8951 14.7666 10.5767 107.931 54.1964 53.7349
internal_count=5715 543 509 480 5172 4590 582 799 444 138 752 726 3791 3210 425 2785 581 364 217 82 389 159 230 47 66 59 42 414 209 205
is_linear=0
shrinkage=0.05


Tree=14
num_leaves=30
num_cat=0
split_feature=14 21 53 0 20 56 11 52 50 49 19 49 11 28 50 58 49 19 21 54 50 20 48 0 14 52 4 49 54
split_gain=10.4924 9.04438 9.06966 8.72547 9.64063 12.1711 8.44494 11.8315 11.7397 14.7811 11.6798 10.5914 11.8739 11.3176 10.6074 11.0066 10.4472 10.3127 12.7075 10.3896 9.11463 8.04581 6.20459 6.18409 6.1495 5.62943 4.90687 8.85252 0.883193
threshold=1.286796536796537 17.950000000000003 2.4500000000000006 7.7000000000000002 34.300000000000004 4.5000000000000009 2.0500000000000003 6.1000000000000005 6.7000000000000002 19.350000000000005 25.578628861616593 13.15 6.8500000000000005 4.5000000000000009 7.7000000000000002 4.0000000000000009 16.950000000000003 20.088121118012428 31.650000000000002 3.5000000000000004 6.5000000000000009 38.500000000000007 12.100000000000001 23.700000000000006 1.4659046881053857 5.1000000000000005 19.229090242112992 15.350000000000003 2.9000000000000004
decision_type=2 2 2 2 2 2 2 2 2 2 2 2 2 2 2 2 2 2 2 2 2 2 2 2 2 2 2 2 2
left_child=1 -1 -3 25 5 -5 7 10 9 20 17 14 16 -14 22 -16 -13 18 -2 -19 21 -8 -10 -22 -9 -4 27 -12 -26
right_child=6 2 3 4 -6 -7 8 24 11 -11 26 12 13 -15 15 -17 -18 19 -20 -21 23 -23 -24 -25 28 -27 -28 -29 -30
leaf_value=-0.033877182597674568 -0.0079059320484685357 0.080618644573774018 -0.042200974497199721 0.029026954419065477 -0.034180434263614792 -0.043431419763587144 0.0094535475982140526 -0.010631551709788349 -0.02261847713594135 0.073553979601307121 0.027768558034625374 0.012780174483398278 0.0027213645115885384 -0.026969299063525472 0.020624996129959581 -0.027700865118490459 0.00043731769679254771 0.0020970588304422481 -0.056101178904639649 0.060111398992137258 0.064875137098183266 -0.051663569403802782 -0.090902210000819564 0 0.03730679336598202 0.019370475904129134 -0.071095147454320703 -0.041284092924421784 0.0702807017821174
leaf_weight=8.578785762190817 96.674832910299301 5.5980745255947104 9.7504729479551298 97.292653039097786 7.2937565594911566 6.0221460461616507 115.52685452997684 5.1790662705898312 6.9361236095428449 10.276319727301596 5.7620283514261272 256.19769211113453 64.59978823363781 63.125515475869179 19.751643270254135 28.698194697499275 520.52896110713482 57.306860893964767 15.927240639925001 8.8594692349433881 12.125301256775858 5.5298740267753592 6.9413694441318512 5.4589056670665732 5.5831004083156568 5.7530086040496817 8.2349430620670301 21.280462220311165 5.4015896171331406
leaf_count=34 373 21 39 374 29 24 442 20 27 38 22 977 248 250 75 112 1997 220 63 33 45 22 28 21 21 22 33 85 20
internal_value=0.00238587 0.015396 0.0186666 0.0158152 0.0207608 0.0247171 0.00102501 -0.00768621 0.00282747 0.0158925 -0.0108233 0.000808391 0.00218797 -0.0119231 -0.0191025 -0.00789487 0.00451608 -0.00559233 -0.0148111 0.0100194 0.0115326 0.00658011 -0.057537 0.0451148 0.0333594 -0.019055 -0.037099 -0.0263385 0.0544601
internal_weight=1486.2 140.289 131.71 126.112 110.609 103.315 1345.91 230.21 1115.7 148.917 214.046 966.779 904.452 127.725 62.3273 48.4498 776.727 178.768 112.602 66.1663 138.641 121.057 13.8775 17.5842 16.1638 15.5035 35.2774 27.0425 10.9847
internal_count=5715 543 509 488 427 398 5172 890 4282 568 829 3714 3472 498 242 187 2974 689 436 253 530 464 55 66 61 61 140 107 41
is_linear=0
shrinkage=0.05


end of trees

feature_importances:
L999_apg=32
L10_minutes=29
opp_def_L5_ppg_allowed=24
opp_def_L10_ppg_allowed=22
L10_ppg=20
L5_ppg=19
opp_def_L10_apg_allowed=17
opp_def_L10_pra_allowed=16
L999_rpg=15
L10_apg=15
opp_def_L10_rpg_allowed=15
games_played=15
L999_ppg=14
L5_rpg=14
L10_fga=14
L5_apg=13
L5_minutes=13
L5_fta=13
opp_def_L5_apg_allowed=13
opp_def_L5_pra_allowed=11
opp_def_L5_rpg_allowed=11
L5_fga=10
L10_rpg=9
L5_pra=9
L999_pra=8
L10_fta=8
rest_days=8
L10_pra=7
line=5
home=3

parameters:
[boosting: gbdt]
[objective: binary]
[metric: auc]
[tree_learner: serial]
[device_type: cpu]
[data_sample_strategy: bagging]
[data: ]
[valid: ]
[num_iterations: 200]
[learning_rate: 0.05]
[num_leaves: 31]
[num_threads: 0]
[seed: 0]
[deterministic: 0]
[force_col_wise: 0]
[force_row_wise: 0]
[histogram_pool_size: -1]
[max_depth: 6]
[min_data_in_leaf: 20]
[min_sum_hessian_in_leaf: 0.001]
[bagging_fraction: 0.8]
[pos_bagging_fraction: 1]
[neg_bagging_fraction: 1]
[bagging_freq: 5]
[bagging_seed: 3]
[bagging_by_query: 0]
[feature_fraction: 0.8]
[feature_fraction_bynode: 1]
[feature_fraction_seed: 2]
[extra_trees: 0]
[extra_seed: 6]
[early_stopping_round: 0]
[early_stopping_min_delta: 0]
[first_metric_only: 0]
[max_delta_step: 0]
[lambda_l1: 0.1]
[lambda_l2: 0.1]
[linear_lambda: 0]
[min_gain_to_split: 0]
[drop_rate: 0.1]
[max_drop: 50]
[skip_drop: 0.5]
[xgboost_dart_mode: 0]
[uniform_drop: 0]
[drop_seed: 4]
[top_rate: 0.2]
[other_rate: 0.1]
[min_data_per_group: 100]
[max_cat_threshold: 32]
[cat_l2: 10]
[cat_smooth: 10]
[max_cat_to_onehot: 4]
[top_k: 20]
[monotone_constraints: ]
[monotone_constraints_method: basic]
[monotone_penalty: 0]
[feature_contri: ]
[forcedsplits_filename: ]
[refit_decay_rate: 0.9]
[cegb_tradeoff: 1]
[cegb_penalty_split: 0]
[cegb_penalty_feature_lazy: ]
[cegb_penalty_feature_coupled: ]
[path_smooth: 0]
[interaction_constraints: ]
[verbosity: -1]
[saved_feature_importance_type: 0]
[use_quantized_grad: 0]
[num_grad_quant_bins: 4]
[quant_train_renew_leaf: 0]
[stochastic_rounding: 1]
[linear_tree: 0]
[max_bin: 255]
[max_bin_by_feature: ]
[min_data_in_bin: 3]
[bin_construct_sample_cnt: 200000]
[data_random_seed: 1]
[is_enable_sparse: 1]
[enable_bundle: 1]
[use_missing: 1]
[zero_as_missing: 0]
[feature_pre_filter: 1]
[pre_partition: 0]
[two_round: 0]
[header: 0]
[label_column: ]
[weight_column: ]
[group_column: ]
[ignore_column: ]
[categorical_feature: ]
[forcedbins_filename: ]
[precise_float_parser: 0]
[parser_config_file: ]
[objective_seed: 5]
[num_class: 1]
[is_unbalance: 0]
[scale_pos_weight: 1.09818]
[sigmoid: 1]
[boost_from_average: 1]
[reg_sqrt: 0]
[alpha: 0.9]
[fair_c: 1]
[poisson_max_delta_step: 0.7]
[tweedie_variance_power: 1.5]
[lambdarank_truncation_level: 30]
[lambdarank_norm: 1]
[label_gain: ]
[lambdarank_position_bias_regularization: 0]
[eval_at: ]
[multi_error_top_k: 1]
[auc_mu_weights: ]
[num_machines: 1]
[local_listen_port: 12400]
[time_out: 120]
[machine_list_filename: ]
[machines: ]
[gpu_platform_id: -1]
[gpu_device_id: -1]
[gpu_use_dp: 0]
[num_gpu: 1]

end of parameters

pandas_categorical:null
